Q8S008	oryza-sativa-subsp-japonica	Q8S008	Os01g0690200	Q8S008	0	2	Os01g0690200 protein	
Q8S081	oryza-sativa-subsp-japonica	Q8S081	Os01g0913600	Q8S081	6	64	Os01g0913600 protein	
Q8S091	oryza-sativa-subsp-japonica	Q8S091	Os01g0913000	Q8S091	5	32	Thioredoxin F, chloroplastic	
Q8S0F0	oryza-sativa-subsp-japonica	Q8S0F0	FH1	Q8S0F0	2	19	Formin-like protein 1	
Q8S0G4	oryza-sativa-subsp-japonica	Q8S0G4	Os01g0939600	Q8S0G4	4	8	Probable glycerol-3-phosphate dehydrogenase	
Q8S0K1	oryza-sativa-subsp-japonica	Q8S0K1	P0696G06.11	Q8S0K1	2	12	Selenoprotein F	
Q8S0N4	oryza-sativa-subsp-japonica	Q8S0N4	Os01g0707300	Q8S0N4	25	117	Os01g0707300 protein	
Q8S0R8	oryza-sativa-subsp-japonica	Q8S0R8	Os01g0885000	Q8S0R8	5	192	Os01g0885000 protein	
Q8S0V9	oryza-sativa-subsp-japonica	Q8S0V9	Os01g0556400	Q8S0V9	1	35	Os01g0556400 protein	
Q8S118	oryza-sativa-subsp-japonica	Q8S118	KATNA1	Q8S118	5	131	Katanin p60 ATPase-containing subunit A1	
Q8S125	oryza-sativa-subsp-japonica	Q8S125	Os01g0787600	Q8S125	2	3	Os01g0787600 protein	
Q8S130	oryza-sativa-subsp-japonica	Q8S130	prx19	Q8S130	1	1	Peroxidase	
Q8S151	oryza-sativa-subsp-japonica	Q8S151	MADS32	Q8S151	1	1	MADS-box transcription factor 32	
Q8S154	oryza-sativa-subsp-japonica	Q8S154	Os01g0726100	Q8S154	7	67	Os01g0726100 protein	
Q8S160	oryza-sativa-subsp-japonica	Q8S160	Os01g0725600	Q8S160	6	54	Os01g0725600 protein	
Q8S198	oryza-sativa-subsp-japonica	Q8S198	Os01g0677000	Q8S198	2	68	Os01g0677000 protein	
Q8S1A3	oryza-sativa-subsp-japonica	Q8S1A3	Os01g0571000	Q8S1A3	0	7	Os01g0571000 protein	
Q8S1C7	oryza-sativa-subsp-japonica	Q8S1C7	CYP72A32	Q8S1C7	0	1	Cytochrome P450 monooxygenase	
Q8S1E8	oryza-sativa-subsp-japonica	Q8S1E8	Os01g0588500	Q8S1E8	0	2	non-specific serine/threonine protein kinase	
Q8S1F0	oryza-sativa-subsp-japonica	Q8S1F0	Os01g0588400	Q8S1F0	0	7	Os01g0588400 protein	
Q8S1F1	oryza-sativa-subsp-japonica	Q8S1F1	Os01g0588100	Q8S1F1	0	7	Os01g0588100 protein	
Q8S1F2	oryza-sativa-subsp-japonica	Q8S1F2	Os01g0588000	Q8S1F2	0	1	Os01g0588000 protein	
Q8S1G9	oryza-sativa-subsp-japonica	Q8S1G9	Os01g0796400	Q8S1G9	0	25	Os01g0796400 protein	
Q8S1I8	oryza-sativa-subsp-japonica	Q8S1I8	srp54-1	Q8S1I8	8	384	Signal recognition particle 54 kDa protein	
Q8S1J0	oryza-sativa-subsp-japonica	Q8S1J0	Os01g0772600	Q8S1J0	0	16	non-specific serine/threonine protein kinase	
Q8S1K8	oryza-sativa-subsp-japonica	Q8S1K8	Os01g0793900	Q8S1K8	0	1	Os01g0793900 protein	
Q8S1L0	oryza-sativa-subsp-japonica	Q8S1L0	Os01g0793800	Q8S1L0	1	1	Os01g0793800 protein	
Q8S1M1	oryza-sativa-subsp-japonica	Q8S1M1	Os01g0716500	Q8S1M1	1	27	Os01g0716500 protein	
Q8S1Q8	oryza-sativa-subsp-japonica	Q8S1Q8	Os01g0789200	Q8S1Q8	0	2	Os01g0789200 protein	
Q8S1U3	oryza-sativa-subsp-japonica	Q8S1U3	Os01g0937900	Q8S1U3	0	1	Os01g0937900 protein	
Q8S1V7	oryza-sativa-subsp-japonica	Q8S1V7	Os01g0936700	Q8S1V7	1	29	Os01g0936700 protein	
Q8S1X7	oryza-sativa-subsp-japonica	Q8S1X7	Os01g0926700	Q8S1X7	0	3	Probable glucuronosyltransferase Os01g0926700	
Q8S1X8	oryza-sativa-subsp-japonica	Q8S1X8	Os01g0926600	Q8S1X8	0	3	Probable glucuronosyltransferase Os01g0926600	
Q8S1X9	oryza-sativa-subsp-japonica	Q8S1X9	Os01g0926400	Q8S1X9	0	3	Probable glucuronosyltransferase Os01g0926400	
Q8S1Y4	oryza-sativa-subsp-japonica	Q8S1Y4	P0482D04.10	Q8S1Y4	4	6	Protein TIFY	
Q8S1Y5	oryza-sativa-subsp-japonica	Q8S1Y5	P0482D04.9	Q8S1Y5	43	232	E2 ubiquitin-conjugating enzyme	
Q8S1Y9	oryza-sativa-subsp-japonica	Q8S1Y9	CML1	Q8S1Y9	6	38	Calmodulin-like protein 1	
Q8S1Z1	oryza-sativa-subsp-japonica	Q8S1Z1	Os01g0810000	Q8S1Z1	14	326	Probable U3 small nucleolar RNA-associated protein 11	
Q8S222	oryza-sativa-subsp-japonica	Q8S222	Os01g0350000	Q8S222	0	1	Os01g0350000 protein	
Q8S227	oryza-sativa-subsp-japonica	Q8S227	Os01g0832200	Q8S227	2	10	Os01g0832200 protein	
Q8S230	oryza-sativa-subsp-japonica	Q8S230	AMT2-2	Q8S230	0	1	Ammonium transporter 2 member 2	
Q8S233	oryza-sativa-subsp-japonica	Q8S233	AMT2-3	Q8S233	1	2	Ammonium transporter 2 member 3	
Q8S282	oryza-sativa-subsp-japonica	Q8S282	Os01g0850400	Q8S282	0	1	Os01g0850400 protein	
Q8S292	oryza-sativa-subsp-japonica	Q8S292	Os01g0849600	Q8S292	3	74	Os01g0849600 protein	
Q8S2A7	oryza-sativa-subsp-japonica	Q8S2A7	FTSH3	Q8S2A7	1	86	ATP-dependent zinc metalloprotease FTSH 3, mitochondrial	
Q8S2A8	oryza-sativa-subsp-japonica	Q8S2A8	Os01g0842500	Q8S2A8	0	4	Laccase	
Q8S2D0	oryza-sativa-subsp-japonica	Q8S2D0	Os01g0959100	Q8S2D0	8	67	Os01g0959100 protein	
Q8S2E5	oryza-sativa-subsp-japonica	Q8S2E5	Os01g0723600	Q8S2E5	4	31	Ribose-phosphate pyrophosphokinase 3, chloroplastic	
Q8S2E6	oryza-sativa-subsp-japonica	Q8S2E6	Os01g0723500	Q8S2E6	6	384	B3 domain-containing protein Os01g0723500	
Q8S2G0	oryza-sativa-subsp-japonica	Q8S2G0	ISPE	Q8S2G0	0	1	4-diphosphocytidyl-2-C-methyl-D-erythritol kinase, chloropla	
Q8S2G4	oryza-sativa-subsp-japonica	Q8S2G4	GCD1	Q8S2G4	4	115	Protein GAMETE CELL DEFECTIVE 1, mitochondrial	
Q8S2G5	oryza-sativa-subsp-japonica	Q8S2G5	Os01g0801600	Q8S2G5	4	8	Probable glycerol-3-phosphate dehydrogenase	
Q8S2G6	oryza-sativa-subsp-japonica	Q8S2G6	Os01g0801500	Q8S2G6	0	33	Os01g0801500 protein	
Q8S2H6	oryza-sativa-subsp-japonica	Q8S2H6	Os01g0800400	Q8S2H6	0	2	Os01g0800400 protein	
Q8S2J3	oryza-sativa-subsp-japonica	Q8S2J3	Os01g0737900	Q8S2J3	0	2	Os01g0737900 protein	
Q8S2T0	arabidopsis-thaliana	Q8S2T0	GRIP	Q8S2T0	5	94	Protein GRIP	
Q8S2T1	arabidopsis-thaliana	Q8S2T1	At2g17570	Q8S2T1	0	4	Dehydrodolichyl diphosphate synthase 6	
Q8S307	arabidopsis-thaliana	Q8S307	BZR1	Q8S307	14	97	Protein BRASSINAZOLE-RESISTANT 1	
Q8S341	arabidopsis-thaliana	Q8S341	PAP7	Q8S341	0	6	Purple acid phosphatase 7	
Q8S396	arabidopsis-thaliana	Q8S396	NHX5	Q8S396	0	4	Sodium/hydrogen exchanger 5	
Q8S397	arabidopsis-thaliana	Q8S397	NHX4	Q8S397	0	7	Sodium/hydrogen exchanger 4	
Q8S3C9	arabidopsis-thaliana	Q8S3C9	DRP1D	Q8S3C9	0	5	Phragmoplastin DRP1D	
Q8S3D1	arabidopsis-thaliana	Q8S3D1	BHLH68	Q8S3D1	10	22	Transcription factor bHLH68	
Q8S3D2	arabidopsis-thaliana	Q8S3D2	BHLH87	Q8S3D2	5	16	Transcription factor bHLH87	
Q8S3D5	arabidopsis-thaliana	Q8S3D5	LRL2	Q8S3D5	6	9	Transcription factor LRL2	
Q8S3F1	arabidopsis-thaliana	Q8S3F1	NAI1	Q8S3F1	2	9	Transcription factor NAI1	
Q8S3N1	arabidopsis-thaliana	Q8S3N1	SINAT5	Q8S3N1	1	8	E3 ubiquitin-protein ligase SINAT5	
Q8S3P3	oryza-sativa-subsp-japonica	Q8S3P3	24K23.14	Q8S3P3	0	2	DUF26-like protein	
Q8S3Q7	oryza-sativa-subsp-japonica	Q8S3Q7	49D11.24	Q8S3Q7	0	5	Os02g0706400 protein	
Q8S3R0	oryza-sativa-subsp-japonica	Q8S3R0	49D11.21	Q8S3R0	0	1	Os02g0706900 protein	
Q8S3R1	oryza-sativa-subsp-japonica	Q8S3R1	MDAR1	Q8S3R1	2	45	Monodehydroascorbate reductase 1, peroxisomal	
Q8S3R2	oryza-sativa-subsp-japonica	Q8S3R2	MDAR2	Q8S3R2	2	45	Monodehydroascorbate reductase 2, peroxisomal	
Q8S3S1	oryza-sativa-subsp-japonica	Q8S3S1	49D11.11	Q8S3S1	7	68	Os02g0708400 protein	
Q8S3U9	arabidopsis-thaliana	Q8S3U9	SEC5A	Q8S3U9	17	136	Exocyst complex component SEC5A	
Q8S3W4	arabidopsis-thaliana	Q8S3W4	ZIP8	Q8S3W4	1	8	Probable zinc transporter 8	
Q8S403	arabidopsis-thaliana	Q8S403	PHO1	Q8S403	0	3	Phosphate transporter PHO1	
Q8S470	zea-mays	Q8S470	Z092E12.4	Q8S470	5	11	Regulatory protein	
Q8S4C4	zea-mays	Q8S4C4	LOC542748	Q8S4C4	0	1	Thioesterase family protein, mRNA	
Q8S4F6	arabidopsis-thaliana	Q8S4F6	SQD2	Q8S4F6	0	29	Sulfoquinovosyl transferase SQD2	
Q8S4P4	zea-mays	Q8S4P4	EZ3	Q8S4P4	8	116	Histone-lysine N-methyltransferase EZ3	
Q8S4P5	zea-mays	Q8S4P5	EZ2	Q8S4P5	10	116	Histone-lysine N-methyltransferase EZ2	
Q8S4P6	zea-mays	Q8S4P6	EZ1	Q8S4P6	10	116	Histone-lysine N-methyltransferase EZ1	
Q8S4Q4	glycine-max	Q8S4Q4	N6L	Q8S4Q4	1	25	Nodulin 6l	
Q8S4Q6	arabidopsis-thaliana	Q8S4Q6	FHY1	Q8S4Q6	4	25	Protein FAR-RED ELONGATED HYPOCOTYL 1	
Q8S4W9	zea-mays	Q8S4W9	pdc3	Q8S4W9	0	5	pyruvate decarboxylase	
Q8S4Y1	arabidopsis-thaliana	Q8S4Y1	ACCT2	Q8S4Y1	3	50	Acetyl-CoA acetyltransferase 2	
Q8S528	arabidopsis-thaliana	Q8S528	ALDH2B7	Q8S528	5	21	Aldehyde dehydrogenase family 2 member B7, mitochondrial	
Q8S529	zea-mays	Q8S529	rf2d	Q8S529	0	5	Aldehyde dehydrogenase 1	
Q8S5C1	glycine-max	Q8S5C1	4CL2	Q8S5C1	3	358	4-coumarate--CoA ligase	
Q8S5G9	oryza-sativa-subsp-japonica	Q8S5G9	LOC_Os10g22830	Q8S5G9	7	62	Os10g0374200 protein	
Q8S5I8	oryza-sativa-subsp-japonica	Q8S5I8	LOC_Os10g09110	Q8S5I8	0	3	Cytochrome P450 family protein, expressed	
Q8S5M6	oryza-sativa-subsp-japonica	Q8S5M6	LOC_Os10g22380	Q8S5M6	19	561	glutamate--tRNA ligase	
Q8S5M8	oryza-sativa-subsp-japonica	Q8S5M8	Os10g0369500	Q8S5M8	1	5	Putative yippee-like protein Os10g0369500	
Q8S5N2	oryza-sativa-subsp-japonica	Q8S5N2	RINO2	Q8S5N2	0	12	Inositol-3-phosphate synthase 1	
Q8S5T1	oryza-sativa-subsp-japonica	Q8S5T1	LOC_Os03g06740	Q8S5T1	1	135	Glutathione reductase	
Q8S5T3	oryza-sativa-subsp-japonica	Q8S5T3	LOC_Os03g06760	Q8S5T3	30	123	Exocyst complex component	
Q8S5U3	oryza-sativa-subsp-japonica	Q8S5U3	LOC_Os03g06880	Q8S5U3	0	3	Os03g0164700 protein	
Q8S5U4	oryza-sativa-subsp-japonica	Q8S5U4	LOC_Os03g06890	Q8S5U4	1	1	Expressed protein	
Q8S5V0	oryza-sativa-subsp-japonica	Q8S5V0	LOC_Os03g03600	Q8S5V0	0	15	Fasciclin-like arabinogalactan protein 8, putative, expresse	
Q8S5V3	oryza-sativa-subsp-japonica	Q8S5V3	LOC_Os03g03570	Q8S5V3	0	3	Leucine-rich repeat transmembrane protein kinase, putative, 	
Q8S5X6	oryza-sativa-subsp-japonica	Q8S5X6	LOC_Os03g13050	Q8S5X6	6	10	Expressed protein	
Q8S5X8	oryza-sativa-subsp-japonica	Q8S5X8	LOC_Os03g13080	Q8S5X8	1	5	Os03g0233300 protein	
Q8S5Y4	oryza-sativa-subsp-japonica	Q8S5Y4	prx37	Q8S5Y4	0	1	Peroxidase	
Q8S5Y7	oryza-sativa-subsp-japonica	Q8S5Y7	LOC_Os10g18150	Q8S5Y7	26	244	Crooked neck protein, putative, expressed	
Q8S625	oryza-sativa-subsp-japonica	Q8S625	Os10g0205200	Q8S625	3	18	Ubiquitin-fold modifier-conjugating enzyme 1	
Q8S694	oryza-sativa-subsp-japonica	Q8S694	LOC_Os03g32630	Q8S694	4	220	ABC transporter family protein, expressed	
Q8S6F2	oryza-sativa-subsp-japonica	Q8S6F2	Os10g0356000	Q8S6F2	3	24	Ribulose bisphosphate carboxylase large chain	
Q8S6N3	oryza-sativa-subsp-japonica	Q8S6N3	LOC_Os10g21930	Q8S6N3	0	3	Kelch motif family protein, expressed	
Q8S6Q1	oryza-sativa-subsp-japonica	Q8S6Q1	LOC_Os10g13940	Q8S6Q1	0	1	Protein DETOXIFICATION	
Q8S702	oryza-sativa-subsp-japonica	Q8S702	LOC_Os10g38470	Q8S702	0	3	Glutathione S-transferase	
Q8S703	oryza-sativa-subsp-japonica	Q8S703	LOC_Os10g38489	Q8S703	0	3	Glutathione S-transferase	
Q8S710	oryza-sativa-subsp-japonica	Q8S710	LOC_Os10g38600	Q8S710	0	3	Glutathione S-transferase	
Q8S715	oryza-sativa-subsp-japonica	Q8S715	LOC_Os10g38670	Q8S715	0	3	glutathione transferase	
Q8S718	oryza-sativa-subsp-japonica	Q8S718	LOC_Os10g38700	Q8S718	0	4	Glutathione S-transferase	
Q8S7E1	oryza-sativa-subsp-japonica	Q8S7E1	CAO	Q8S7E1	7	32	Chlorophyllide a oxygenase, chloroplastic	
Q8S7G9	oryza-sativa-subsp-japonica	Q8S7G9	LOC_Os03g56782	Q8S7G9	0	4	Os03g0780200 protein	
Q8S7H1	oryza-sativa-subsp-japonica	Q8S7H1	LOC_Os03g56781	Q8S7H1	0	4	Os03g0780000 protein	
Q8S7H4	oryza-sativa-subsp-japonica	Q8S7H4	LOC_Os03g56714	Q8S7H4	1	4	Expressed protein	
Q8S7H8	oryza-sativa-subsp-japonica	Q8S7H8	LOC_Os03g56670	Q8S7H8	11	283	Photosystem I reaction center subunit III	
Q8S7I4	oryza-sativa-subsp-japonica	Q8S7I4	LOC_Os03g56610	Q8S7I4	8	288	Expressed protein	
Q8S7M7	oryza-sativa-subsp-japonica	Q8S7M7	IRL5	Q8S7M7	0	3	Plant intracellular Ras-group-related LRR protein 5	
Q8S7M8	oryza-sativa-subsp-japonica	Q8S7M8	LOC_Os10g42180	Q8S7M8	0	16	Os10g0572100 protein	
Q8S7M9	oryza-sativa-subsp-japonica	Q8S7M9	LOC_Os10g42170	Q8S7M9	15	236	Expressed protein	
Q8S7N5	oryza-sativa-subsp-japonica	Q8S7N5	LOC_Os10g42110	Q8S7N5	3	85	non-specific serine/threonine protein kinase	
Q8S7N6	oryza-sativa-subsp-japonica	Q8S7N6	LOC_Os10g42100	Q8S7N6	1	235	Pyruvate kinase	
Q8S7Q0	oryza-sativa-subsp-japonica	Q8S7Q0	LOC_Os10g41960	Q8S7Q0	12	363	Eukaryotic translation initiation factor 3 subunit B	
Q8S7R5	oryza-sativa-subsp-japonica	Q8S7R5	LOC_Os10g03360	Q8S7R5	0	1	Os10g0122300 protein	
Q8S7S6	oryza-sativa-subsp-japonica	Q8S7S6	LOC_Os10g38110	Q8S7S6	0	2	Cytochrome P450 family protein, expressed	
Q8S7T1	oryza-sativa-subsp-japonica	Q8S7T1	LOC_Os10g38170	Q8S7T1	1	27	Os10g0525700 protein	
Q8S7T9	oryza-sativa-subsp-japonica	Q8S7T9	LOC_Os03g07140	Q8S7T9	0	1	Fatty acyl-CoA reductase	
Q8S7U9	oryza-sativa-subsp-japonica	Q8S7U9	Os03g0168550	Q8S7U9	0	2	Os03g0168550 protein	
Q8S7V0	oryza-sativa-subsp-japonica	Q8S7V0	LOC_Os03g07250	Q8S7V0	0	2	Cytochrome P450 family protein, expressed	
Q8S7V1	oryza-sativa-subsp-japonica	Q8S7V1	LOC_Os03g07260	Q8S7V1	0	39	Os03g0168700 protein	
Q8S7V4	oryza-sativa-subsp-japonica	Q8S7V4	LOC_Os03g07290	Q8S7V4	7	110	Large ribosomal subunit protein bL32m	
Q8S7V8	oryza-sativa-subsp-japonica	Q8S7V8	LOC_Os03g07330	Q8S7V8	1	2	Os03g0169300 protein	
Q8S7V9	oryza-sativa-subsp-japonica	Q8S7V9	LOC_Os03g07340	Q8S7V9	1	7	50S ribosomal protein L18, chloroplast, putative, expressed	
Q8S7W0	oryza-sativa-subsp-japonica	Q8S7W0	CSLA4	Q8S7W0	0	7	Probable glucomannan 4-beta-mannosyltransferase 4	
Q8S7W1	oryza-sativa-subsp-japonica	Q8S7W1	LOC_Os03g07360	Q8S7W1	2	8	Dof domain, zinc finger family protein, expressed	
Q8S7W6	oryza-sativa-subsp-japonica	Q8S7W6	LOC_Os03g07420	Q8S7W6	0	32	Os03g0170300 protein	
Q8S7X1	oryza-sativa-subsp-japonica	Q8S7X1	LOC_Os03g07470	Q8S7X1	0	4	Glutaredoxin family protein	
Q8S804	oryza-sativa-subsp-japonica	Q8S804	LOC_Os10g03880	Q8S804	0	47	poly(A)-specific ribonuclease	
Q8S857	oryza-sativa-subsp-japonica	Q8S857	Os10g0418000	Q8S857	46	272	Probable histone H2A variant 2	
Q8S895	arabidopsis-thaliana	Q8S895	SAT2	Q8S895	0	1	Serine acetyltransferase 2	
Q8S897	arabidopsis-thaliana	Q8S897	BLH5	Q8S897	6	8	BEL1-like homeodomain protein 5	
Q8S898	arabidopsis-thaliana	Q8S898	At2g05430	Q8S898	0	2	Ubiquitin-specific protease family C19-related protein	
Q8S8A0	arabidopsis-thaliana	Q8S8A0	GDU4	Q8S8A0	2	19	Protein GLUTAMINE DUMPER 4	
Q8S8A8	arabidopsis-thaliana	Q8S8A8	At2g04063	Q8S8A8	0	6	Glycine-rich protein	
Q8S8A9	arabidopsis-thaliana	Q8S8A9	At2g04066	Q8S8A9	0	1	MATE efflux family protein	
Q8S8C6	arabidopsis-thaliana	Q8S8C6	BPC4	Q8S8C6	3	4	Protein BASIC PENTACYSTEINE4	
Q8S8C7	arabidopsis-thaliana	Q8S8C7	At2g16220	Q8S8C7	3	3	Putative F-box protein At2g16220	
Q8S8D0	arabidopsis-thaliana	Q8S8D0	At2g20515	Q8S8D0	0	65	At2g20515	
Q8S8D2	arabidopsis-thaliana	Q8S8D2	At2g42650	Q8S8D2	16	363	Ribosomal protein L1p/L10e family	
Q8S8D3	arabidopsis-thaliana	Q8S8D3	EREL2	Q8S8D3	3	106	PX domain-containing protein EREL2	
Q8S8D6	arabidopsis-thaliana	Q8S8D6	At2g20613	Q8S8D6	2	13	Probable transcription factor At2g20613	
Q8S8E3	arabidopsis-thaliana	Q8S8E3	PYL6	Q8S8E3	12	31	Abscisic acid receptor PYL6	
Q8S8E7	arabidopsis-thaliana	Q8S8E7	GNAT9	Q8S8E7	1	2	GCN5-related N-acetyltransferase 9	
Q8S8E8	arabidopsis-thaliana	Q8S8E8	At2g24690	Q8S8E8	3	206	B3 domain-containing protein REM-like 1	
Q8S8F0	arabidopsis-thaliana	Q8S8F0	MED20C	Q8S8F0	0	49	Mediator of RNA polymerase II transcription subunit	
Q8S8F2	arabidopsis-thaliana	Q8S8F2	FBL11	Q8S8F2	2	10	BTB/POZ domain-containing protein FBL11	
Q8S8F5	arabidopsis-thaliana	Q8S8F5	EFL3	Q8S8F5	1	18	Protein ELF4-LIKE 3	
Q8S8F7	arabidopsis-thaliana	Q8S8F7	INH3	Q8S8F7	18	36	Protein phosphatase 1 regulatory subunit INH3	
Q8S8F8	arabidopsis-thaliana	Q8S8F8	GEM	Q8S8F8	1	4	GLABRA2 expression modulator	
Q8S8G1	arabidopsis-thaliana	Q8S8G1	At2g05810	Q8S8G1	0	1	ARM repeat superfamily protein	
Q8S8H2	arabidopsis-thaliana	Q8S8H2	At2g25510	Q8S8H2	0	1	Expressed protein	
Q8S8I1	arabidopsis-thaliana	Q8S8I1	QWRF3	Q8S8I1	2	32	QWRF motif-containing protein 3	
Q8S8I2	arabidopsis-thaliana	Q8S8I2	ULT2	Q8S8I2	0	6	Protein ULTRAPETALA 2	
Q8S8I4	arabidopsis-thaliana	Q8S8I4	EPF1	Q8S8I4	3	7	Protein EPIDERMAL PATTERNING FACTOR 1	
Q8S8J1	arabidopsis-thaliana	Q8S8J1	At2g07738	Q8S8J1	0	1	At2g07738	
Q8S8K0	arabidopsis-thaliana	Q8S8K0	At2g17972	Q8S8K0	0	1	Expressed protein	
Q8S8K8	arabidopsis-thaliana	Q8S8K8	CV	Q8S8K8	0	1	Protein CHLOROPLAST VESICULATION	
Q8S8K9	arabidopsis-thaliana	Q8S8K9	FIP1	Q8S8K9	0	1	Protein FIP1	
Q8S8L9	arabidopsis-thaliana	Q8S8L9	At2g32450	Q8S8L9	5	113	Uncharacterized TPR repeat-containing protein At2g32450	
Q8S8M0	arabidopsis-thaliana	Q8S8M0	WIH2	Q8S8M0	0	9	Cysteine-rich and transmembrane domain-containing protein WI	
Q8S8M5	arabidopsis-thaliana	Q8S8M5	ABIL1	Q8S8M5	8	72	Protein ABIL1	
Q8S8M9	arabidopsis-thaliana	Q8S8M9	AL6	Q8S8M9	14	52	PHD finger protein ALFIN-LIKE 6	
Q8S8N1	arabidopsis-thaliana	Q8S8N1	CLE7	Q8S8N1	0	1	CLAVATA3/ESR (CLE)-related protein 7	
Q8S8N6	arabidopsis-thaliana	Q8S8N6	PLA2-ALPHA	Q8S8N6	1	8	Phospholipase A2-alpha	
Q8S8P5	arabidopsis-thaliana	Q8S8P5	WRKY33	Q8S8P5	24	40	Probable WRKY transcription factor 33	
Q8S8P9	arabidopsis-thaliana	Q8S8P9	ORP1B	Q8S8P9	5	11	Oxysterol-binding protein-related protein 1B	
Q8S8Q2	arabidopsis-thaliana	Q8S8Q2	At2g35155	Q8S8Q2	1	16	Expressed protein	
Q8S8Q4	arabidopsis-thaliana	Q8S8Q4	At2g44560	Q8S8Q4	0	13	Endoglucanase 14	
Q8S8Q6	arabidopsis-thaliana	Q8S8Q6	TET8	Q8S8Q6	0	1	Tetraspanin-8	
Q8S8Q9	arabidopsis-thaliana	Q8S8Q9	At2g43260	Q8S8Q9	0	5	F-box/LRR-repeat protein At2g43260	
Q8S8S1	arabidopsis-thaliana	Q8S8S1	PEX16	Q8S8S1	3	6	Peroxisome biogenesis protein 16	
Q8S8S2	arabidopsis-thaliana	Q8S8S2	LPEAT2	Q8S8S2	1	19	Lysophospholipid acyltransferase LPEAT2	
Q8S8S3	arabidopsis-thaliana	Q8S8S3	DVL11	Q8S8S3	0	1	Small polypeptide DEVIL 11	
Q8S8S7	arabidopsis-thaliana	Q8S8S7	PUB34	Q8S8S7	0	1	U-box domain-containing protein 34	
Q8S8S8	arabidopsis-thaliana	Q8S8S8	At2g19385	Q8S8S8	11	155	At2g19385	
Q8S8S9	arabidopsis-thaliana	Q8S8S9	MES1	Q8S8S9	0	2	Methylesterase 1	
Q8S8T4	arabidopsis-thaliana	Q8S8T4	UXS4	Q8S8T4	2	137	UDP-glucuronic acid decarboxylase 4	
Q8S8T8	arabidopsis-thaliana	Q8S8T8	PCR10	Q8S8T8	1	49	Protein PLANT CADMIUM RESISTANCE 10	
Q8S8Y8	arabidopsis-thaliana	Q8S8Y8	WNK6	Q8S8Y8	5	14	Probable serine/threonine-protein kinase WNK6	
Q8S8Y9	arabidopsis-thaliana	Q8S8Y9	WNK2	Q8S8Y9	6	25	Serine/threonine-protein kinase WNK2	
Q8S8Z7	glycine-max	Q8S8Z7	B15-3-5	Q8S8Z7	0	65	Syringolide-induced protein B15-3-5	
Q8S8Z9	glycine-max	Q8S8Z9	1-3-1B	Q8S8Z9	0	4	Syringolide-induced protein 1-3-1B	
Q8S900	glycine-max	Q8S900	1-3-1A	Q8S900	0	4	Syringolide-induced protein 1-3-1A	
Q8S902	glycine-max	Q8S902	19-1-5	Q8S902	0	39	Xyloglucan endotransglucosylase/hydrolase	
Q8S904	arabidopsis-thaliana	Q8S904	MFDX2	Q8S904	5	62	Adrenodoxin-like protein 2, mitochondrial	
Q8S905	arabidopsis-thaliana	Q8S905	KIN7A	Q8S905	0	5	Kinesin-like protein KIN-7A	
Q8S919	oryza-sativa-subsp-japonica	Q8S919	UBC5B	Q8S919	37	244	Ubiquitin-conjugating enzyme E2 5B	
Q8S920	oryza-sativa-subsp-japonica	Q8S920	UBC5A	Q8S920	37	247	Ubiquitin-conjugating enzyme E2 5A	
Q8S924	arabidopsis-thaliana	Q8S924	ATG12A	Q8S924	6	98	Ubiquitin-like protein ATG12A	
Q8S925	arabidopsis-thaliana	Q8S925	ATG8H	Q8S925	10	47	Autophagy-related protein 8h	
Q8S926	arabidopsis-thaliana	Q8S926	ATG8E	Q8S926	12	50	Autophagy-related protein 8e	
Q8S927	arabidopsis-thaliana	Q8S927	ATG8C	Q8S927	9	47	Autophagy-related protein 8c	
Q8S929	arabidopsis-thaliana	Q8S929	ATG4A	Q8S929	10	30	Cysteine protease ATG4a	
Q8S944	arabidopsis-thaliana	Q8S944	DRP3A	Q8S944	2	13	Dynamin-related protein 3A	
Q8S948	arabidopsis-thaliana	Q8S948	SPS1	Q8S948	3	4	Solanesyl diphosphate synthase 1, chloroplastic	
Q8S983	oryza-sativa-subsp-japonica	Q8S983	ARF11	Q8S983	0	33	Auxin response factor 11	
Q8S9G8	arabidopsis-thaliana	Q8S9G8	SPL7	Q8S9G8	0	3	Squamosa promoter-binding-like protein 7	
Q8S9I4	arabidopsis-thaliana	Q8S9I4	MAS2	Q8S9I4	12	106	AT4g02720/T10P11_1	
Q8S9I8	arabidopsis-thaliana	Q8S9I8	At1g64355	Q8S9I8	1	82	1-acyl-sn-glycerol-3-phosphate acyltransferase	
Q8S9J0	arabidopsis-thaliana	Q8S9J0	At2g36630	Q8S9J0	6	172	Sulfite exporter TauE/SafE family protein 4	
Q8S9J1	arabidopsis-thaliana	Q8S9J1	PPOX2	Q8S9J1	0	13	Protoporphyrinogen oxidase 2, chloroplastic/mitochondrial	
Q8S9J2	arabidopsis-thaliana	Q8S9J2	At2g33840	Q8S9J2	3	25	Tyrosine--tRNA ligase 1, cytoplasmic	
Q8S9J8	arabidopsis-thaliana	Q8S9J8	At4g32285	Q8S9J8	0	1	Probable clathrin assembly protein At4g32285	
Q8S9K1	arabidopsis-thaliana	Q8S9K1	At1g23880	Q8S9K1	0	1	At1g23880/T23E23_8	
Q8S9K3	arabidopsis-thaliana	Q8S9K3	VAR3	Q8S9K3	2	11	Zinc finger protein VAR3, chloroplastic	
Q8S9K4	arabidopsis-thaliana	Q8S9K4	MKD1	Q8S9K4	0	3	non-specific serine/threonine protein kinase	
Q8S9K7	arabidopsis-thaliana	Q8S9K7	PEX3-2	Q8S9K7	3	10	Peroxisome biogenesis protein 3-2	
Q8S9K8	arabidopsis-thaliana	Q8S9K8	MES10	Q8S9K8	1	4	Methylesterase 10	
Q8S9K9	arabidopsis-thaliana	Q8S9K9	At4g03420	Q8S9K9	2	3	AT4g03420/F9H3_4	
Q8S9L0	arabidopsis-thaliana	Q8S9L0	SPL10	Q8S9L0	1	18	Squamosa promoter-binding-like protein 10	
Q8S9L5	arabidopsis-thaliana	Q8S9L5	TIG	Q8S9L5	16	289	Trigger factor-like protein TIG, Chloroplastic	
Q8S9L6	arabidopsis-thaliana	Q8S9L6	CRK29	Q8S9L6	1	2	Cysteine-rich receptor-like protein kinase 29	
Q8S9M1	arabidopsis-thaliana	Q8S9M1	PAP13	Q8S9M1	0	4	Probable plastid-lipid-associated protein 13, chloroplastic	
Q8S9M3	arabidopsis-thaliana	Q8S9M3	GRF9	Q8S9M3	3	4	Growth-regulating factor 9	
Q8S9N6	arabidopsis-thaliana	Q8S9N6	ATHB-17	Q8S9N6	0	1	Homeobox-leucine zipper protein ATHB-17	
Q8S9P5	oryza-sativa-subsp-japonica	Q8S9P5	Os01g0942200	Q8S9P5	1	4	Os01g0942200 protein	
Q8S9Q6	oryza-sativa-subsp-japonica	Q8S9Q6	Os01g0941200	Q8S9Q6	0	33	Os01g0941200 protein	
Q8S9S2	oryza-sativa-subsp-japonica	Q8S9S2	Os01g0560200	Q8S9S2	22	117	Os01g0560200 protein	
Q8S9V7	oryza-sativa-subsp-japonica	Q8S9V7	Os01g0689000	Q8S9V7	0	1	Os01g0689000 protein	
Q8S9W7	oryza-sativa-subsp-japonica	Q8S9W7	Os01g0687800	Q8S9W7	1	15	L-gulonolactone oxidase	
Q8S9Z2	oryza-sativa-subsp-japonica	Q8S9Z2	Os01g0969100	Q8S9Z2	1	104	UDP-D-apiose/UDP-D-xylose synthase	
Q8S9Z9	oryza-sativa-subsp-japonica	Q8S9Z9	Os01g0968400	Q8S9Z9	19	230	Os01g0968400 protein	
Q8SA25	oryza-sativa-subsp-japonica	Q8SA25	Os01g0659800	Q8SA25	4	67	Os01g0659800 protein	
Q8SA35	oryza-sativa-subsp-japonica	Q8SA35	Os01g0659200	Q8SA35	5	51	Os01g0659200 protein	
Q8SAY0	oryza-sativa-subsp-japonica	Q8SAY0	RPL18	Q8SAY0	4	117	Large ribosomal subunit protein uL18c	
Q8SBB9	oryza-sativa-subsp-japonica	Q8SBB9	OsRad51A1	Q8SBB9	5	57	DNA repair protein RAD51 homolog	
Q8SBC1	oryza-sativa-subsp-japonica	Q8SBC1	OsRad6	Q8SBC1	34	252	E2 ubiquitin-conjugating enzyme	
Q8SSN4	dictyostelium-discoideum	Q8SSN4	DDB_G0276351	Q8SSN4	8	10	Uncharacterized protein	
Q8SSN5	dictyostelium-discoideum	Q8SSN5	nat5	Q8SSN5	1	7	N-alpha-acetyltransferase 20	
Q8SSN6	dictyostelium-discoideum	Q8SSN6	DDB_G0276337	Q8SSN6	0	2	medium-chain acyl-CoA ligase	
Q8SSN9	dictyostelium-discoideum	Q8SSN9	gacF	Q8SSN9	0	9	Rho GTPase-activating protein gacF	
Q8SSQ3	dictyostelium-discoideum	Q8SSQ3	gefM	Q8SSQ3	13	13	Ras guanine nucleotide exchange factor M	
Q8SSU2	dictyostelium-discoideum	Q8SSU2	DDB_G0274223	Q8SSU2	0	1	Glutathione S-transferase domain-containing protein DDB_G027	
Q8SSW7	dictyostelium-discoideum	Q8SSW7	gefS	Q8SSW7	0	1	Ras guanine nucleotide exchange factor S	
Q8ST13	dictyostelium-discoideum	Q8ST13	DDB_G0275113	Q8ST13	2	25	RNA polymerase II subunit B1 CTD phosphatase RPAP2 homolog	
Q8ST61	fly	FBgn0032816	Nf-YB	Q8ST61	33	412	Nuclear factor Y-box B, isoform A (Nuclear factor Y-box B, i	
Q8ST83	fly	FBgn0002521	pho	Q8ST83	46	448	Polycomb protein PHO (Protein pleiohomeotic) (Transcription 	
Q8STA5	fly	FBgn0031459	HINT1	Q8STA5	9	174	Histidine triad nucleotide binding protein 1, isoform A (EC 	
Q8STB0	fly	FBgn0050033	CG30033	Q8STB0	0	2	GEO09683p1 (RH07028p) (RH63918p)	
Q8STE5	worm	Q8STE5	ced-12	Q8STE5	5	28	Cell death abnormality protein 12	
Q8STF6	worm	Q8STF6	dyc-1	Q8STF6	0	25	Dystrophin-like protein 1	
Q8STG9	fly	FBgn0086357	Sec61alpha	Q8STG9	11	333	DSec61alpha (LD29847p) (Sec61 alpha subunit, isoform A) (Sec	
Q8STI6	fly	FBgn0037504	CG1142	Q8STI6	14	104	RE53401p (RE53636p)	
Q8SWQ8	fly	FBgn0053143	Idit	Q8SWQ8	4	19	Iditarod	
Q8SWR2	fly	FBgn0052137	BicDR	Q8SWR2	3	19	Bicaudal D-related protein homolog (BICD-related protein hom	
Q8SWR3	fly	FBgn0029768	SPR	Q8SWR3	4	7	Sex peptide receptor	
Q8SWR8	fly	FBgn0041188	Atx2	Q8SWR8	18	76	Ataxin-2 homolog (Datx2)	
Q8SWS3	fly	FBgn0036592	CG13049	Q8SWS3	28	249	RE26528p	
Q8SWS7	fly	FBgn0052418	vito	Q8SWS7	10	95	Nucleolar protein 12	
Q8SWT2	fly	FBgn0032883	Rhau	Q8SWT2	0	46	RNA helicase (EC 3.6.4.13)	
Q8SWU0	fly	FBgn0290418	Exo84	Q8SWU0	14	65	Exocyst 84	
Q8SWU6	fly	FBgn0035547	CG15022	Q8SWU6	22	259	RE24507p	
Q8SWU7	fly	FBgn0030151	CG1354	Q8SWU7	7	113		
Q8SWU8	fly	FBgn0058198	CG40198	Q8SWU8	28	244	RE21703p	
Q8SWV5	fly	FBgn0034494	CG10444	Q8SWV5	2	56	LD47995p	
Q8SWV6	fly	FBgn0263278	Fic	Q8SWV6	1	7	Protein adenylyltransferase Fic (dFic) (EC 2.7.7.108) (De-AM	
Q8SWW2	fly	FBgn0033665	Zip48C	Q8SWW2	0	6	Zinc transporter ZIP11 (Solute carrier family 39 member 11) 	
Q8SWW4	fly	FBgn0032481	CG16972	Q8SWW4	11	67	LD28380p	
Q8SWW9	fly	FBgn0023536	CG3156	Q8SWW9	3	24	LD18126p	
Q8SWW9_DROME	fly	FBgn0023536	CG3156	Q8SWW9	3	24		
Q8SWX0	fly	FBgn0036826	arx	Q8SWX0	2	8	Gametocyte-specific factor 1 homolog (Protein asterix)	
Q8SWX4	fly	FBgn0051343	CG31343	Q8SWX4	13	163	Aminopeptidase (EC 3.4.11.-)	
Q8SWX6	fly	FBgn0039265	CG11790	Q8SWX6	0	21	GH08893p	
Q8SWZ1	fly	FBgn0033558	alka	Q8SWZ1	7	15	RH55021p	
Q8SWZ6	fly	FBgn0033985	CG10257	Q8SWZ6	0	2	RH51312p	
Q8SX06	fly	FBgn0036146	nkt	Q8SX06	17	252	GEO08318p1 (Noktochor) (RH33338p)	
Q8SX21	fly	FBgn0264785	Hph	Q8SX21	23	83	hypoxia-inducible factor-proline dioxygenase (EC 1.14.11.29)	
Q8SX23	fly	FBgn0035582	CG13705	Q8SX23	11	245	RE67967p	
Q8SX24	fly	FBgn0037435	CG18048	Q8SX24	0	2	tRNA:m(4)X modification enzyme TRM13 (EC 2.1.1.225)	
Q8SX25	fly	FBgn0030406	CG1463	Q8SX25	2	11	RE61595p	
Q8SX32	fly	FBgn0032329	Art8	Q8SX32	6	34	Arginine methyltransferase 8 (RE49877p)	
Q8SX35	fly	FBgn0052850	Rnf11	Q8SX35	2	8	GEO07743p1 (RE41137p)	
Q8SX37	fly	FBgn0030670	Pis	Q8SX37	0	52	CDP-diacylglycerol--inositol 3-phosphatidyltransferase (CDIP	
Q8SX38	fly	FBgn0062449	CG13197	Q8SX38	103	967	RE27552p	
Q8SX40	fly	FBgn0038549	Nnk	Q8SX40	24	386	RE19693p	
Q8SX44	fly	FBgn0053969	CG33969	Q8SX44	1	38	RE11703p	
Q8SX47	fly	FBgn0051810	CG31810	Q8SX47	0	6	RE06583p	
Q8SX54	fly	FBgn0038250	CG3505	Q8SX54	43	243	CLIP domain-containing serine protease (EC 3.4.21.-)	
Q8SX57	fly	FBgn0051549	CG31549	Q8SX57	0	12	LD44221p	
Q8SX68	fly	FBgn0034308	Naus	Q8SX68	1	15	CTTNBP2 N-terminal-like protein (Protein Nausicaa)	
Q8SX76	fly	FBgn0051453	pch2	Q8SX76	0	46	LD24646p (Pachytene checkpoint 2, isoform A) (Pachytene chec	
Q8SX78	fly	FBgn0265178	Lipt1	Q8SX78	10	40	LD05679p (LD22815p)	
Q8SX78_DROME	fly	FBgn0265178	Lipt1	Q8SX78	10	40		
Q8SX81	fly	FBgn0052350	Vps11	Q8SX81	6	35	Vacuolar protein sorting-associated protein 11 homolog	
Q8SX83	fly	FBgn0016977	spen	Q8SX83	0	0	Protein split ends	
Q8SX86	fly	FBgn0035461	ntc	Q8SX86	10	37	Protein nutcracker	
Q8SX87	fly	FBgn0033010	Atf6	Q8SX87	63	381	Atf6, isoform C (LD12677p)	
Q8SX89	fly	FBgn0038476	kuk	Q8SX89	7	18	Kugelkern, isoform A (Kugelkern, isoform B) (Kugelkern, isof	
Q8SX97	fly	FBgn0036222	SdhAL	Q8SX97	6	67	Succinate dehydrogenase [ubiquinone] flavoprotein subunit, m	
Q8SXB0	fly	FBgn0286071	AdamTS-A	Q8SXB0	4	17	ADAM metallopeptidase with thrombospondin type 1 motif A, is	
Q8SXB3	fly	FBgn0052099	CG32099	Q8SXB3	0	8	L-aminoadipate-semialdehyde dehydrogenase-phosphopantetheiny	
Q8SXC0	fly	FBgn0036759	CG5577	Q8SXC0	1	7	GH10306p	
Q8SXC2	fly	FBgn0037955	Kyat	Q8SXC2	5	58	kynurenine--oxoglutarate transaminase (EC 2.6.1.7)	
Q8SXC2_DROME	fly	FBgn0037955	Kyat	Q8SXC2	5	58		
Q8SXC9	fly	FBgn0052488	CG32488	Q8SXC9	0	1	Glycerol-3-phosphate phosphatase (EC 3.1.3.21) (EC 3.1.3.48)	
Q8SXD1	fly	FBgn0050008	CG30008	Q8SXD1	2	59	Elongation of very long chain fatty acids protein (EC 2.3.1.	
Q8SXD4	fly	FBgn0052676	stx	Q8SXD4	2	5	Midnolin homolog (Protein stuxnet)	
Q8SXE1	fly	FBgn0032753	CG17572	Q8SXE1	66	243	RH69521p	
Q8SXF0	fly	FBgn0037529	mRpS9	Q8SXF0	24	246	Mitochondrial ribosomal protein S9 (RH44312p)	
Q8SXF0_DROME	fly	FBgn0037529	mRpS9	Q8SXF0	24	246		
Q8SXF2	fly	FBgn0039529	CG5612	Q8SXF2	0	3	RH40246p	
Q8SXG2	fly	FBgn0262976	lawc	Q8SXG2	3	17	CG32711-PA long isoform (CG32711-PA short isoform) (GEO09706	
Q8SXG7	fly	FBgn0031607	Secp43	Q8SXG7	10	142	tRNA selenocysteine-associated protein 1	
Q8SXG9	fly	FBgn0029531	CG13362	Q8SXG9	23	248	RE65335p	
Q8SXH1	fly	FBgn0036352	CG14110	Q8SXH1	62	248	RE54320p	
Q8SXH7	fly	FBgn0040571	CG17193	Q8SXH7	3	13	GEO09915p1 (RE41733p)	
Q8SXI2	fly	FBgn0267398	Yeti	Q8SXI2	4	42	Craniofacial development protein 1 (Bucentaur)	
Q8SXK0	fly	FBgn0031419	Mterf4	Q8SXK0	4	62	RE18748p	
Q8SXK0_DROME	fly	FBgn0031419	Mterf4	Q8SXK0	4	62		
Q8SXK2	fly	FBgn0037526	ArgRS-m	Q8SXK2	0	25	arginine--tRNA ligase (EC 6.1.1.19) (Arginyl-tRNA synthetase	
Q8SXL2	fly	FBgn0038147	CCHa2	Q8SXL2	48	257	Neuropeptide CCHamide-2	
Q8SXL5	fly	FBgn0035325	CG13806	Q8SXL5	12	276	RE09177p	
Q8SXN9	fly	FBgn0286778	CG46385	Q8SXN9	5	22		
Q8SXP0	fly	FBgn0263593	Lpin	Q8SXP0	1	28	phosphatidate phosphatase (EC 3.1.3.4)	
Q8SXP1	fly	FBgn0046294	CG12699	Q8SXP1	1	7	GH14656p	
Q8SXP8	fly	FBgn0025790	TBPH	Q8SXP8	17	186	GH09868p (RH39704p) (TAR DNA-binding protein-43 homolog, iso	
Q8SXQ1	fly	FBgn0036857	Aldh7A1	Q8SXQ1	6	139	aldehyde dehydrogenase (NAD(+)) (EC 1.2.1.3)	
Q8SXQ1_DROME	fly	FBgn0036857	Aldh7A1	Q8SXQ1	6	139		
Q8SXQ5	fly	FBgn0030584	Grx5	Q8SXQ5	7	51	RH03087p	
Q8SXQ5_DROME	fly	FBgn0030584	Grx5	Q8SXQ5	7	51		
Q8SXQ7	fly	FBgn0035977	PGRP-LF	Q8SXQ7	2	17	Peptidoglycan-recognition protein LF (PGRP-like protein)	
Q8SXQ8	fly	FBgn0063667	meep	Q8SXQ8	0	4	Meep (EC 3.1.-.-) (RE72485p)	
Q8SXR4	fly	FBgn0050339	CG30339	Q8SXR4	1	7	RE54230p	
Q8SXR5	fly	FBgn0034054	CG8366	Q8SXR5	0	4	RE54151p	
Q8SXR7	fly	FBgn0034999	Fatp3	Q8SXR7	1	49	Long-chain-fatty-acid--CoA ligase	
Q8SXS0	fly	FBgn0260467	CG7071	Q8SXS0	6	16	RE40914p	
Q8SXS2	fly	FBgn0051337	CG31337	Q8SXS2	46	245	GEO07737p1 (RE40816p)	
Q8SXS4	fly	FBgn0035583	hoka	Q8SXS4	1	11	GEO07727p1 (Hoka) (RE40159p)	
Q8SXS7	fly	FBgn0038700	CG3734	Q8SXS7	23	244	RE36938p	
Q8SXT3	fly	FBgn0034262	swi2	Q8SXT3	1	1	Protein singed wings 2	
Q8SXU0	fly	FBgn0086856	CG11555	Q8SXU0	2	3	RE22315p	
Q8SXU3	fly	FBgn0034035	Gmppa	Q8SXU3	1	19	RE21160p	
Q8SXV2	fly	FBgn0051675	CG31675	Q8SXV2	0	5	RE19849p	
Q8SXV4	fly	FBgn0032283	CG7296	Q8SXV4	7	257	RH68528p	
Q8SXV9	fly	FBgn0030829	CG12998	Q8SXV9	24	243	RH61745p	
Q8SXX0	fly	FBgn0030704	CG15916	Q8SXX0	5	45	RH08992p	
Q8SXX0_DROME	fly	FBgn0030704	CG15916	Q8SXX0	5	45		
Q8SXX1	fly	FBgn0039924	PIP4K	Q8SXX1	3	36	Phosphatidylinositol 5-phosphate 4-kinase, isoform A (Phosph	
Q8SXX2	fly	FBgn0032536	Ance-3	Q8SXX2	1	10	Angiotensin-converting enzyme (EC 3.4.-.-)	
Q8SXX4	fly	FBgn0261555	CG42673	Q8SXX4	0	5		
Q8SXX5	fly	FBgn0066303	CG33932	Q8SXX5	1	14	GEO12594p1 (RE70209p)	
Q8SXX8	fly	FBgn0035545	CG12607	Q8SXX8	18	253	RE67729p	
Q8SXY2	fly	FBgn0050502	Fa2h	Q8SXY2	2	30	Fatty acid 2-hydroxylase (EC 1.-.-.-)	
Q8SXY5	fly	FBgn0037012	Rcd2	Q8SXY5	2	10	RE54525p (Reduction in Cnn dots 2)	
Q8SXY6	fly	FBgn0045866	bai	Q8SXY6	419	2428	Transmembrane emp24 domain-containing protein bai (Protein b	
Q8SXY8	fly	FBgn0030586	CG12539	Q8SXY8	16	250	RE49901p	
Q8SXZ5	fly	FBgn0052188	CG32188	Q8SXZ5	27	245	RE39957p	
Q8SXZ5	fly	FBgn0052189	CG32189	Q8SXZ5	0	1	RE39957p	
Q8SXZ6	fly	FBgn0034425	CG11906	Q8SXZ6	80	367	RE39769p	
Q8SY02	fly	FBgn0051634	Oatp26F	Q8SY02	0	26	Solute carrier organic anion transporter family member	
Q8SY05	fly	FBgn0038832	CG15695	Q8SY05	0	4	RE26721p	
Q8SY13	fly	FBgn0032629	beat-IIIc	Q8SY13	0	3	Beaten path IIIc, isoform A (RE14414p)	
Q8SY19	fly	FBgn0025814	Mgstl	Q8SY19	2	93	glutathione transferase (EC 2.5.1.18)	
Q8SY25	fly	FBgn0050394	CG30394	Q8SY25	12	58	RE05944p	
Q8SY33	fly	FBgn0051992	gw	Q8SY33	22	141	Protein Gawky	
Q8SY34	fly	FBgn0036801	MYPT-75D	Q8SY34	3	11	LD46604p (Myosin phosphatase targeting subunit 75D, isoform 	
Q8SY39	fly	FBgn0052344	CG32344	Q8SY39	8	99	RNA helicase (EC 3.6.4.13)	
Q8SY41	fly	FBgn0266019	rudhira	Q960P3	2	5		
Q8SY49	fly	FBgn0053278	CG33278	Q8SY49	28	246	GH17676p	
Q8SY52	fly	FBgn0013949	Elal	Q8SY52	38	266	Elastin-like, isoform A (Elastin-like, isoform C) (GH13458p)	
Q8SY53	fly	FBgn0032015	Ostgamma	Q8SY53	6	77	GH11935p (Oligosaccharide transferase gamma subunit)	
Q8SY58	fly	FBgn0030799	CG4872	Q8SY58	0	9	Ketimine reductase mu-crystallin (EC 1.5.1.25) (NADP-regulat	
Q8SY61	fly	FBgn0034470	Obp56d	Q8SY61	24	291	General odorant-binding protein 56d	
Q8SY67	fly	FBgn0046999	CG6429	Q8SY67	36	247	lysozyme (EC 3.2.1.17)	
Q8SY68	fly	FBgn0047000	CG33946	Q8SY68	0	0	RH62830p	
Q8SY69	fly	FBgn0069923	Mic10b	Q8SY69	0	15	MICOS complex subunit MIC10	
Q8SY72	fly	FBgn0053169	CG33169	Q8SY72	9	26	Single-pass membrane and coiled-coil domain-containing prote	
Q8SY76	fly	FBgn0040775	CG12158	Q8SY76	28	273	RH45738p	
Q8SY96	fly	FBgn0052857	CG32857	Q8SY96	1	2	NFU1 iron-sulfur cluster scaffold homolog, mitochondrial	
Q8SY96	fly	FBgn0053502	CG33502	Q8SY96	1	3	NFU1 iron-sulfur cluster scaffold homolog, mitochondrial	
Q8SY96	fly	FBgn0285970	CG32500	Q8SY96	8	15	NFU1 iron-sulfur cluster scaffold homolog, mitochondrial	
Q8SYA4	fly	FBgn0034330	BomS4	Q8SYA4	60	276	Bomanin short 4 (FI01448p) (GEO12609p1) (RH09147p)	
Q8SYC1	fly	FBgn0263030	CG43325	Q8SYC1	1	5	GEO08067p1 (RE70477p)	
Q8SYC3	fly	FBgn0058006	CG40006	Q8SYC3	0	21	RE68569p	
Q8SYC4	fly	FBgn0035146	CG13893	Q8SYC4	1	15	RE68566p	
Q8SYC5	fly	FBgn0039467	CG14253	Q8SYC5	0	4	RE68347p	
Q8SYD0	fly	FBgn0032744	Ttc19	Q8SYD0	12	25	Tetratricopeptide repeat protein 19 homolog, mitochondrial	
Q8SYD9	fly	FBgn0034433	EndoB	Q8SYD9	2	43	Endophilin B, isoform A (RE65748p)	
Q8SYF5	fly	FBgn0052373	CG32373	Q8SYF5	61	245	RE64043p	
Q8SYF7	fly	FBgn0041004	CG17715	Q8SYF7	1	7	LP09246p (RE07178p) (RE63764p)	
Q8SYG2	fly	FBgn0027055	CSN3	Q8SYG2	11	48	COP9 signalosome complex subunit 3 (Dch3) (Signalosome subun	
Q8SYG3	fly	FBgn0058045	CG40045	Q8SYG3	10	144	E2 ubiquitin-conjugating enzyme (EC 2.3.2.23)	
Q8SYH1	fly	FBgn0052442	Arv1	Q8SYH1	3	63	Protein ARV	
Q8SYJ2	fly	FBgn0052230	ND-MLRQ	Q8SYJ2	7	73	GEO09626p1 (NADH dehydrogenase (Ubiquinone) MLRQ subunit, is	
Q8SYJ2_DROME	fly	FBgn0052230	ND-MLRQ	Q8SYJ2	7	73		
Q8SYJ9	fly	FBgn0061361	Tcs1	Q8SYJ9	15	381	Threonylcarbamoyl-AMP synthase (EC 2.7.7.87)	
Q8SYK4	fly	FBgn0040602	bbn	Q8SYK4	0	4	RE55691p	
Q8SYK5	fly	FBgn0031434	insv	Q8SYK5	4	11	Protein insensitive	
Q8SYL0	fly	FBgn0038649	Pgs1	Q8SYL0	0	6	CDP-diacylglycerol--glycerol-3-phosphate 3-phosphatidyltrans	
Q8SYL1	fly	FBgn0022288	l(2)09851	Q8SYL1	6	35	Glutamate-rich WD repeat-containing protein 1	
Q8SYL7	fly	FBgn0050438	Ugt50B3	Q8SYL7	0	3	UDP-glucuronosyltransferase (EC 2.4.1.17)	
Q8SYM5	fly	FBgn0034956	CG4324	Q8SYM5	1	9	RE53026p	
Q8SYM9	fly	FBgn0036775	Polr3D	Q8SYM9	82	464	FI04119p (RE52148p) (RNA polymerase III subunit D)	
Q8SYN0	fly	FBgn0040351	CG11638	Q8SYN0	4	18	RE52086p	
Q8SYP1	fly	FBgn0051323	CG31323	Q8SYP1	0	4	RE49668p	
Q8SYP8	fly	FBgn0033348	Spt	Q8SYP8	7	24	RE47911p (Spitting image)	
Q8SYP9	fly	FBgn0287187	mRpS5	Q8SYP9	23	388	Small ribosomal subunit protein uS5m (28S ribosomal protein 	
Q8SYP9_DROME	fly	FBgn0287187	mRpS5	Q8SYP9	23	388		
Q8SYQ4	fly	FBgn0290559	gvl	Q8SYQ4	33	245	grooveless	
Q8SYQ8	fly	FBgn0033100	CG3420	Q8SYQ8	2	26	RE40412p	
Q8SYR3	fly	FBgn0011305	Rsf1	Q8SYR3	3	35	RE39606p (Repressor splicing factor 1, isoform B)	
Q8SYR5	fly	FBgn0047114	CG31142	Q8SYR5	2	5	GEO07715p1 (RE39515p)	
Q8SYS7	fly	FBgn0262115	CG17683	Q8SYS7	3	26	Probable cytosolic Fe-S cluster assembly factor CG17683	
Q8SYS8	fly	FBgn0052269	CG32269	Q8SYS8	37	243	RE37218p2	
Q8SYU5	fly	FBgn0037517	CG10086	Q8SYU5	9	77	RE33762p	
Q8SYV9	fly	FBgn0052476	mthl14	Q8SYV9	0	2	Probable G-protein coupled receptor Mth-like 14 (Protein met	
Q8SYY6	fly	FBgn0047135	CG32276	Q8SYY6	3	22	GEO09675p1 (RE27904p)	
Q8SYY7	fly	FBgn0044011	Spn43Ad	Q8SYY7	27	291	RE27547p (Serpin 43Ad)	
Q8SZ13	fly	FBgn0036395	BEAF-25	Q8SZ13	53	586	RE24163p	
Q8SZ15	fly	FBgn0034307	CG10914	Q8SZ15	2	123	RE23670p	
Q8SZ16	fly	FBgn0038437	Sdhaf3	Q8SZ16	4	25	Succinate dehydrogenase assembly factor 3, mitochondrial (SD	
Q8SZ23	fly	FBgn0034011	CG8160	Q8SZ23	9	244	RE23041p	
Q8SZ30	fly	FBgn0003482	spn-D	Q8SZ30	4	49	DNA repair protein RAD51 homolog 3	
Q8SZ38	fly	FBgn0035257	CG12011	Q8SZ38	21	247	RE18076p	
Q8SZ46	fly	FBgn0286852	naz	Q8SZ46	0	10	Nazgul, isoform A (Nazgul, isoform B (EC 1.1.1.300)) (RE1722	
Q8SZ49	fly	FBgn0035856	CG13679	Q8SZ49	11	246	GEO07444p1 (RE17113p)	
Q8SZ60	fly	FBgn0037627	CG13318	Q8SZ60	31	243	RE16127p	
Q8SZ63	fly	FBgn0039188	Golgin84	Q8SZ63	0	23	Golgin-84	
Q8SZ72	fly	FBgn0033763	CG8646	Q8SZ72	27	251	RE14504p	
Q8SZ78	fly	FBgn0039818	Mayo	Q8SZ78	1	13	RE14222p	
Q8SZ87	fly	FBgn0031601	Dim1	Q8SZ87	9	90	Thioredoxin-like protein	
Q8SZA1	fly	FBgn0039820	CG15554	Q8SZA1	23	243	GEO07330p1 (RE10288p)	
Q8SZA8	fly	FBgn0035529	Fdx2	Q8SZA8	9	78	Adrenodoxin-like protein 2, mitochondrial (Ferredoxin-2)	
Q8SZB7	fly	FBgn0047178	CG32147	Q8SZB7	1	4	RE07960p	
Q8SZC2	fly	FBgn0050411	CG30411	Q8SZC2	0	2	GEO07280p1 (RE06996p)	
Q8SZF4	fly	FBgn0033115	Spn42De	Q8SZF4	12	307	RE02548p (Serpin 42De, isoform A)	
Q8SZI8	fly	FBgn0051778	CG31778	Q8SZI8	30	258	GEO05129p1 (HL03084p)	
Q8SZK5	fly	FBgn0051769	CG31769	Q8SZK5	29	243	RH26533p	
Q8SZK9	fly	FBgn0287234	slf	Q8SZK9	39	278	HL04814p (RH18728p) (Schlaff, isoform A) (Schlaff, isoform B	
Q8SZM2	fly	FBgn0032538	Vajk2	Q8SZM2	26	316	RH04334p (Vajk2)	
Q8SZN1	fly	FBgn0051313	CG31313	Q8SZN1	34	256	GEO08217p1 (RH02566p)	
Q8SZN4	fly	FBgn0034218	psv	Q8SZN4	5	7	RH01588p	
Q8SZP2	fly	FBgn0031957	TwdlE	Q8SZP2	20	348	RE71854p (TweedleE)	
Q8SZR6	fly	FBgn0051223	CG31223	Q8SZR6	2	13		
Q8SZT1	fly	FBgn0016694	Pdp1	Q8SZT1	85	399	GH27708p (PAR-domain protein 1, isoform D)	
Q8SZU0	fly	FBgn0032889	CG9331	Q8SZU0	2	46	GH13879p	
Q8SZU6	fly	FBgn0035283	CG12024	Q8SZU6	1	1	GH08896p	
Q8SZV0	fly	FBgn0033323	CG12376	Q8SZV0	0	5	GH07338p	
Q8SZW5	fly	FBgn0015571	alpha-Est3	Q8SZW5	0	2	Alpha-Esterase-3, isoform A (Alpha-Esterase-3, isoform B) (A	
Q8SZX1	fly	FBgn0035852	CG7387	Q8SZX1	2	20	CG7387 protein (CG7387-PA) (LP05202p)	
Q8SZY4	fly	FBgn0050104	NT5E-2	Q8SZY4	5	112	Ecto-5'-nucleotidase 2, isoform A (Ecto-5'-nucleotidase 2, i	
Q8SZY7	fly	FBgn0035945	CG5026	Q8SZY7	66	944	LD06050p (LD48015p)	
Q8SZY9	fly	FBgn0052075	CG32075	Q8SZY9	3	72	LD47413p	
Q8SZZ8	fly	FBgn0038860	Ice2	Q8SZZ8	3	45	Little elongation complex subunit 2 (Interactor of little el	
